00000000000000000000
0000000000g000000000
00000000000000000000
00001020304050607000
00000000000000000000
00000000000000000000
00000000000000000000
00000000000000000000
00000000000000000000
00000000000000000000
00000000000000000000
0000m00000000000m000
00000000000000000000
000000m0000000m00000
00000000000000000000
00000000m000m0000000
00000000000000000000
0000000000m000000000
0000000000s000000000
00000000000000000000
00000000000000000000
0000000000g000000000
00000000000000000000
00001020304050607000
00000000000000000000
00000000000000000000
00000000000000000000
00000000000000000000
00000000000000000000
00000000000000000000
00000000000000000000
0000m00000000000m000
00000000000000000000
000000m0000000m00000
00000000000000000000
00000000m000m0000000
00000000000000000000
0000000000m000000000
0000000000s000000000
00000000000000000000
00000000000000000000
0000000000g000000000
00000000000000000000
00001020304050607000
00000000000000000000
00000000000000000000
00000000000000000000
00000000000000000000
00000000000000000000
00000000000000000000
00000000000000000000
0000m00000000000m000
00000000000000000000
000000m0000000m00000
00000000000000000000
00000000m000m0000000
00000000000000000000
0000000000m000000000
0000000000s000000000
00000000000000000000
00000000000000000000
0000000000g000000000
00000000000000000000
00001020304050607000
00000000000000000000
00000000000000000000
00000000000000000000
00000000000000000000
00000000000000000000
00000000000000000000
00000000000000000000
0000m00000000000m000
00000000000000000000
000000m0000000m00000
00000000000000000000
00000000m000m0000000
00000000000000000000
0000000000m000000000
0000000000s000000000
00000000000000000000
00000000000000000000
0000000000g000000000
00000000000000000000
00001020304050607000
00000000000000000000
00000000000000000000
00000000000000000000
00000000000000000000
00000000000000000000
00000000000000000000
00000000000000000000
0000m00000000000m000
00000000000000000000
000000m0000000m00000
00000000000000000000
00000000m000m0000000
00000000000000000000
0000000000m000000000
0000000000s000000000
00000000000000000000
00000000000000000000
00000000000000000000
0000000000g000000000
00000000000000000000
00001020304050607000
00000000000000000000
00000000000000000000
00000000000000000000
00000000000000000000
00000000000000000000
0000m00000000000m000
00000000000000000000
000000m0000000m00000
00000000000000000000
00000000m000m0000000
0000000000m000000000
0000000000s000000000
00000000000000000000
00000000000000000000
00000000000000000000
00000000000000000000
00000000000000000000
00000000000000000000
0000000000g000000000
00000000000000000000
00001020304050607000
00000000000000000000
00000000000000000000
00000000000000000000
0000m00000000000m000
00000000000000000000
000000m0000000m00000
00000000000000000000
00000000m0m0m0000000
0000000000s000000000
00000000000000000000
00000000000000000000
00000000000000000000
00000000000000000000
00000000000000000000
00000000000000000000
00000000000000000000
00000000000000000000
00000000000000000000
0000000000g000000000
00000000000000000000
00001020304050607000
00000000000000000000
0000m00000000000m000
00000000000000000000
000000m0000000m00000
00000000000000000000
00000000m0m0m0000000
0000000000s000000000
00000000000000000000
00000000000000000000
00000000000000000000
00000000000000000000
00000000000000000000
00000000000000000000
00000000000000000000
00000000000000000000
00000000000000000000
00000000000000000000
00000000000000000000
0000000000g000000000
0000d000000000000000
00000020304050607000
00000m0000000000d000
000000m0000000m00000
00000000000000000000
00000000m0m0m0000000
0000000000s000000000
00000000000000000000
00000000000000000000
00000000000000000000
00000000000000000000
00000000000000000000
00000000000000000000
00000000000000000000
00000000000000000000
00000000000000000000
00000000000000000000
00000000000000000000
00000000000000000000
00000000000000000000
0000d00000g000000000
000000d0000000070000
00000dm030405060d000
00000000000000d00000
00000000m0m0m0000000
0000000000s000000000
00000000000000000000
00000000000000000000
00000000000000000000
00000000000000000000
00000000000000000000
00000000000000000000
00000000000000000000
00000000000000000000
00000000000000000000
00000000000000000000
00000000000000000000
00000000000000000000
00000000000000000000
00000000000000000000
0000d000000000000000
000000d000g000000000
00000dd0d0m00607d000
00000000004050d00000
00000000d0s0d0000000
00000000000000000000
00000000000000000000
00000000000000000000
00000000000000000000
00000000000000000000
00000000000000000000
00000000000000000000
00000000000000000000
00000000000000000000
00000000000000000000
00000000000000000000
00000000000000000000
00000000000000000000
00000000000000000000
00000000000000000000
0000d000000000000000
000000d000d000000000
00000dd0d0d00000d000
000000000040d6d70000
00000000d0d0d0000000
00000000000000000000
00000000000000000000
00000000000000000000
00000000000000000000
00000000000000000000
00000000000000000000
00000000000000000000
00000000000000000000
00000000000000000000
00000000000000000000
00000000000000000000
00000000000000000000
00000000000000000000
00000000000000000000
00000000000000000000
00000000000000000000
00000000000000000000
00000000000000000000
00000000000000000000
00000000000000000000
00000000000000000000
00000000000000000000
00000000000000000000
00000000000000000000
00000000000000000000
00000000000000000000
00000000000000000000
00000000000000000000
00000000000000000000
00000000000000000000
00000000000000000000
00000000000000000000
00000000000000000000
00000000000000000000
00000000000000000000
00000000000000000000
00000000000000000000
00000000000000000000
00000000000000000000
00000000000000000000
00000000000000000000
00000000000000000000
00000000000000000000
00000000000000000000
00000000000000000000
00000000000000000000
00000000000000000000
00000000000000000000
00000000000000000000
00000000000000000000
0000000000g000000000
00000000000000000000
00001020304050607000
00000000000000000000
00000000000000000000
00000000000000000000
00000000000000000000
00000000000000000000
00000000000000000000
00000000000000000000
0000m00000000000m000
00000000000000000000
000000m0000000m00000
00000000000000000000
00000000m000m0000000
00000000000000000000
0000000000m000000000
0000000000s000000000
00000000000000000000
00000000000000000000
0000000000g000000000
00000000000000000000
00001020304050607000
00000000000000000000
00000000000000000000
00000000000000000000
00000000000000000000
00000000000000000000
00000000000000000000
00000000000000000000
0000m00000000000m000
00000000000000000000
000000m0000000m00000
00000000000000000000
00000000m000m0000000
00000000000000000000
0000000000m000000000
0000000000s000000000
00000000000000000000
00000000000000000000
0000000000g000000000
00000000000000000000
00001020304050607000
00000000000000000000
00000000000000000000
00000000000000000000
00000000000000000000
00000000000000000000
00000000000000000000
00000000000000000000
0000m00000000000m000
00000000000000000000
000000m0000000m00000
00000000000000000000
00000000m000m0000000
00000000000000000000
0000000000m000000000
0000000000s000000000
00000000000000000000
00000000000000000000
0000000000g000000000
00000000000000000000
00001020304050607000
00000000000000000000
00000000000000000000
00000000000000000000
00000000000000000000
00000000000000000000
00000000000000000000
00000000000000000000
0000m00000000000m000
00000000000000000000
000000m0000000m00000
00000000000000000000
00000000m000m0000000
00000000000000000000
0000000000m000000000
0000000000s000000000
00000000000000000000
00000000000000000000
0000000000g000000000
00000000000000000000
00001020304050607000
00000000000000000000
00000000000000000000
00000000000000000000
00000000000000000000
00000000000000000000
00000000000000000000
00000000000000000000
0000m00000000000m000
00000000000000000000
000000m0000000m00000
00000000000000000000
00000000m000m0000000
00000000000000000000
0000000000m000000000
0000000000s000000000
00000000000000000000
00000000000000000000
0000000000g000000000
00000000000000000000
00001020304050607000
00000000000000000000
00000000000000000000
00000000000000000000
00000000000000000000
00000000000000000000
00000000000000000000
00000000000000000000
0000m00000000000m000
00000000000000000000
000000m0000000m00000
00000000000000000000
00000000m000m0000000
00000000000000000000
0000000000m000000000
0000000000s000000000
00000000000000000000
00000000000000000000
00000000000000000000
0000000000g000000000
00000000000000000000
00001020304050607000
00000000000000000000
00000000000000000000
00000000000000000000
00000000000000000000
00000000000000000000
0000m00000000000m000
00000000000000000000
000000m0000000m00000
00000000000000000000
00000000m000m0000000
0000000000m000000000
0000000000s000000000
00000000000000000000
00000000000000000000
00000000000000000000
00000000000000000000
00000000000000000000
00000000000000000000
0000000000g000000000
00000000000000000000
00001020304050607000
00000000000000000000
00000000000000000000
00000000000000000000
0000m00000000000m000
00000000000000000000
000000m0000000m00000
00000000000000000000
00000000m0m0m0000000
0000000000s000000000
00000000000000000000
00000000000000000000
00000000000000000000
00000000000000000000
00000000000000000000
00000000000000000000
00000000000000000000
00000000000000000000
00000000000000000000
0000000000g000000000
00000000000000000000
00001020304050607000
00000000000000000000
0000m00000000000m000
00000000000000000000
000000m0000000m00000
00000000000000000000
00000000m0m0m0000000
0000000000s000000000
00000000000000000000
00000000000000000000
00000000000000000000
00000000000000000000
00000000000000000000
00000000000000000000
00000000000000000000
00000000000000000000
00000000000000000000
00000000000000000000
0000000000g000000000
00000000000000000000
00001020304050607000
00000000000000000000
0000m00000000000m000
00000000000000000000
000000m0000000m00000
00000000000000000000
00000000m0m0m0000000
0000000000s000000000
00000000000000000000
00000000000000000000
00000000000000000000
00000000000000000000
00000000000000000000
00000000000000000000
00000000000000000000
00000000000000000000
00000000000000000000
00000000000000000000
00000000000000000000
0000000000g000000000
0000d000000000000000
00000020304050607000
00000m0000000000d000
000000m0000000m00000
00000000000000000000
00000000m0m0m0000000
0000000000s000000000
00000000000000000000
00000000000000000000
00000000000000000000
00000000000000000000
00000000000000000000
00000000000000000000
00000000000000000000
00000000000000000000
00000000000000000000
00000000000000000000
00000000000000000000
00000000000000000000
00000000000000000000
0000d00000g000000000
000000d0000000070000
00000dm030405060d000
00000000000000d00000
00000000m0m0m0000000
0000000000s000000000
00000000000000000000
00000000000000000000
00000000000000000000
00000000000000000000
00000000000000000000
00000000000000000000
00000000000000000000
00000000000000000000
00000000000000000000
00000000000000000000
00000000000000000000
00000000000000000000
00000000000000000000
00000000000000000000
0000d000000000000000
000000d000g000000000
00000dd0d0m00607d000
00000000004050d00000
00000000d0s0d0000000
00000000000000000000
00000000000000000000
00000000000000000000
00000000000000000000
00000000000000000000
00000000000000000000
00000000000000000000
00000000000000000000
00000000000000000000
00000000000000000000
00000000000000000000
00000000000000000000
00000000000000000000
00000000000000000000
00000000000000000000
0000d000000000000000
000000d000d000000000
00000dd0d0d00000d000
000000000040d6d70000
00000000d0d0d0000000
00000000000000000000
00000000000000000000
00000000000000000000
00000000000000000000
00000000000000000000
00000000000000000000
00000000000000000000
00000000000000000000
00000000000000000000
